{
 "cells": [
  {
   "cell_type": "code",
   "execution_count": 31,
   "metadata": {},
   "outputs": [],
   "source": [
    "import pandas as pd"
   ]
  },
  {
   "cell_type": "markdown",
   "metadata": {},
   "source": [
    "# Тестовая задача"
   ]
  },
  {
   "cell_type": "markdown",
   "metadata": {},
   "source": [
    "Сетка истинного решения тестовой задачи"
   ]
  },
  {
   "cell_type": "code",
   "execution_count": 32,
   "metadata": {},
   "outputs": [
    {
     "data": {
      "text/html": [
       "<div>\n",
       "<style scoped>\n",
       "    .dataframe tbody tr th:only-of-type {\n",
       "        vertical-align: middle;\n",
       "    }\n",
       "\n",
       "    .dataframe tbody tr th {\n",
       "        vertical-align: top;\n",
       "    }\n",
       "\n",
       "    .dataframe thead th {\n",
       "        text-align: right;\n",
       "    }\n",
       "</style>\n",
       "<table border=\"1\" class=\"dataframe\">\n",
       "  <thead>\n",
       "    <tr style=\"text-align: right;\">\n",
       "      <th></th>\n",
       "      <th>0</th>\n",
       "      <th>1</th>\n",
       "      <th>2</th>\n",
       "      <th>3</th>\n",
       "      <th>4</th>\n",
       "      <th>5</th>\n",
       "    </tr>\n",
       "  </thead>\n",
       "  <tbody>\n",
       "    <tr>\n",
       "      <th>0</th>\n",
       "      <td>0.367879</td>\n",
       "      <td>0.697676</td>\n",
       "      <td>0.960789</td>\n",
       "      <td>NaN</td>\n",
       "      <td>NaN</td>\n",
       "      <td>NaN</td>\n",
       "    </tr>\n",
       "    <tr>\n",
       "      <th>1</th>\n",
       "      <td>0.697676</td>\n",
       "      <td>1.323130</td>\n",
       "      <td>1.822119</td>\n",
       "      <td>NaN</td>\n",
       "      <td>NaN</td>\n",
       "      <td>NaN</td>\n",
       "    </tr>\n",
       "    <tr>\n",
       "      <th>2</th>\n",
       "      <td>0.960789</td>\n",
       "      <td>1.822119</td>\n",
       "      <td>2.509290</td>\n",
       "      <td>2.509290</td>\n",
       "      <td>1.822119</td>\n",
       "      <td>0.960789</td>\n",
       "    </tr>\n",
       "    <tr>\n",
       "      <th>3</th>\n",
       "      <td>0.960789</td>\n",
       "      <td>1.822119</td>\n",
       "      <td>2.509290</td>\n",
       "      <td>2.509290</td>\n",
       "      <td>1.822119</td>\n",
       "      <td>0.960789</td>\n",
       "    </tr>\n",
       "    <tr>\n",
       "      <th>4</th>\n",
       "      <td>0.697676</td>\n",
       "      <td>1.323130</td>\n",
       "      <td>1.822119</td>\n",
       "      <td>1.822119</td>\n",
       "      <td>1.323130</td>\n",
       "      <td>0.697676</td>\n",
       "    </tr>\n",
       "    <tr>\n",
       "      <th>5</th>\n",
       "      <td>0.367879</td>\n",
       "      <td>0.697676</td>\n",
       "      <td>0.960789</td>\n",
       "      <td>0.960789</td>\n",
       "      <td>0.697676</td>\n",
       "      <td>0.367879</td>\n",
       "    </tr>\n",
       "  </tbody>\n",
       "</table>\n",
       "</div>"
      ],
      "text/plain": [
       "          0         1         2         3         4         5\n",
       "0  0.367879  0.697676  0.960789       NaN       NaN       NaN\n",
       "1  0.697676  1.323130  1.822119       NaN       NaN       NaN\n",
       "2  0.960789  1.822119  2.509290  2.509290  1.822119  0.960789\n",
       "3  0.960789  1.822119  2.509290  2.509290  1.822119  0.960789\n",
       "4  0.697676  1.323130  1.822119  1.822119  1.323130  0.697676\n",
       "5  0.367879  0.697676  0.960789  0.960789  0.697676  0.367879"
      ]
     },
     "execution_count": 32,
     "metadata": {},
     "output_type": "execute_result"
    }
   ],
   "source": [
    "data = pd.read_csv('data_u_test.csv')\n",
    "data"
   ]
  },
  {
   "cell_type": "markdown",
   "metadata": {},
   "source": [
    "Сетка численного решения тестовой задачи"
   ]
  },
  {
   "cell_type": "code",
   "execution_count": 33,
   "metadata": {},
   "outputs": [
    {
     "data": {
      "text/html": [
       "<div>\n",
       "<style scoped>\n",
       "    .dataframe tbody tr th:only-of-type {\n",
       "        vertical-align: middle;\n",
       "    }\n",
       "\n",
       "    .dataframe tbody tr th {\n",
       "        vertical-align: top;\n",
       "    }\n",
       "\n",
       "    .dataframe thead th {\n",
       "        text-align: right;\n",
       "    }\n",
       "</style>\n",
       "<table border=\"1\" class=\"dataframe\">\n",
       "  <thead>\n",
       "    <tr style=\"text-align: right;\">\n",
       "      <th></th>\n",
       "      <th>0</th>\n",
       "      <th>1</th>\n",
       "      <th>2</th>\n",
       "      <th>3</th>\n",
       "      <th>4</th>\n",
       "      <th>5</th>\n",
       "    </tr>\n",
       "  </thead>\n",
       "  <tbody>\n",
       "    <tr>\n",
       "      <th>0</th>\n",
       "      <td>0.367879</td>\n",
       "      <td>0.697676</td>\n",
       "      <td>1.000000</td>\n",
       "      <td>NaN</td>\n",
       "      <td>NaN</td>\n",
       "      <td>NaN</td>\n",
       "    </tr>\n",
       "    <tr>\n",
       "      <th>1</th>\n",
       "      <td>0.697676</td>\n",
       "      <td>1.350707</td>\n",
       "      <td>1.896481</td>\n",
       "      <td>NaN</td>\n",
       "      <td>NaN</td>\n",
       "      <td>NaN</td>\n",
       "    </tr>\n",
       "    <tr>\n",
       "      <th>2</th>\n",
       "      <td>0.960789</td>\n",
       "      <td>1.873889</td>\n",
       "      <td>2.611696</td>\n",
       "      <td>2.611696</td>\n",
       "      <td>1.896481</td>\n",
       "      <td>1.000000</td>\n",
       "    </tr>\n",
       "    <tr>\n",
       "      <th>3</th>\n",
       "      <td>0.960789</td>\n",
       "      <td>1.872670</td>\n",
       "      <td>2.611909</td>\n",
       "      <td>2.613326</td>\n",
       "      <td>1.879115</td>\n",
       "      <td>0.960789</td>\n",
       "    </tr>\n",
       "    <tr>\n",
       "      <th>4</th>\n",
       "      <td>0.697676</td>\n",
       "      <td>1.344401</td>\n",
       "      <td>1.872476</td>\n",
       "      <td>1.873114</td>\n",
       "      <td>1.346171</td>\n",
       "      <td>0.697676</td>\n",
       "    </tr>\n",
       "    <tr>\n",
       "      <th>5</th>\n",
       "      <td>0.367879</td>\n",
       "      <td>0.697676</td>\n",
       "      <td>0.960789</td>\n",
       "      <td>0.960789</td>\n",
       "      <td>0.697676</td>\n",
       "      <td>0.367879</td>\n",
       "    </tr>\n",
       "  </tbody>\n",
       "</table>\n",
       "</div>"
      ],
      "text/plain": [
       "          0         1         2         3         4         5\n",
       "0  0.367879  0.697676  1.000000       NaN       NaN       NaN\n",
       "1  0.697676  1.350707  1.896481       NaN       NaN       NaN\n",
       "2  0.960789  1.873889  2.611696  2.611696  1.896481  1.000000\n",
       "3  0.960789  1.872670  2.611909  2.613326  1.879115  0.960789\n",
       "4  0.697676  1.344401  1.872476  1.873114  1.346171  0.697676\n",
       "5  0.367879  0.697676  0.960789  0.960789  0.697676  0.367879"
      ]
     },
     "execution_count": 33,
     "metadata": {},
     "output_type": "execute_result"
    }
   ],
   "source": [
    "data = pd.read_csv('data_v_test.csv')\n",
    "data"
   ]
  },
  {
   "cell_type": "markdown",
   "metadata": {},
   "source": [
    "Сетка погрешностей решения тестовой задачи"
   ]
  },
  {
   "cell_type": "code",
   "execution_count": 34,
   "metadata": {},
   "outputs": [
    {
     "data": {
      "text/html": [
       "<div>\n",
       "<style scoped>\n",
       "    .dataframe tbody tr th:only-of-type {\n",
       "        vertical-align: middle;\n",
       "    }\n",
       "\n",
       "    .dataframe tbody tr th {\n",
       "        vertical-align: top;\n",
       "    }\n",
       "\n",
       "    .dataframe thead th {\n",
       "        text-align: right;\n",
       "    }\n",
       "</style>\n",
       "<table border=\"1\" class=\"dataframe\">\n",
       "  <thead>\n",
       "    <tr style=\"text-align: right;\">\n",
       "      <th></th>\n",
       "      <th>0</th>\n",
       "      <th>1</th>\n",
       "      <th>2</th>\n",
       "      <th>3</th>\n",
       "      <th>4</th>\n",
       "      <th>5</th>\n",
       "    </tr>\n",
       "  </thead>\n",
       "  <tbody>\n",
       "    <tr>\n",
       "      <th>0</th>\n",
       "      <td>0</td>\n",
       "      <td>0.000000</td>\n",
       "      <td>0.000000</td>\n",
       "      <td>NaN</td>\n",
       "      <td>NaN</td>\n",
       "      <td>NaN</td>\n",
       "    </tr>\n",
       "    <tr>\n",
       "      <th>1</th>\n",
       "      <td>0</td>\n",
       "      <td>0.027577</td>\n",
       "      <td>0.000000</td>\n",
       "      <td>NaN</td>\n",
       "      <td>NaN</td>\n",
       "      <td>NaN</td>\n",
       "    </tr>\n",
       "    <tr>\n",
       "      <th>2</th>\n",
       "      <td>0</td>\n",
       "      <td>0.051770</td>\n",
       "      <td>0.000000</td>\n",
       "      <td>0.000000</td>\n",
       "      <td>0.000000</td>\n",
       "      <td>0.0</td>\n",
       "    </tr>\n",
       "    <tr>\n",
       "      <th>3</th>\n",
       "      <td>0</td>\n",
       "      <td>0.050551</td>\n",
       "      <td>0.102619</td>\n",
       "      <td>0.104035</td>\n",
       "      <td>0.056996</td>\n",
       "      <td>0.0</td>\n",
       "    </tr>\n",
       "    <tr>\n",
       "      <th>4</th>\n",
       "      <td>0</td>\n",
       "      <td>0.021271</td>\n",
       "      <td>0.050357</td>\n",
       "      <td>0.050995</td>\n",
       "      <td>0.023041</td>\n",
       "      <td>0.0</td>\n",
       "    </tr>\n",
       "    <tr>\n",
       "      <th>5</th>\n",
       "      <td>0</td>\n",
       "      <td>0.000000</td>\n",
       "      <td>0.000000</td>\n",
       "      <td>0.000000</td>\n",
       "      <td>0.000000</td>\n",
       "      <td>0.0</td>\n",
       "    </tr>\n",
       "  </tbody>\n",
       "</table>\n",
       "</div>"
      ],
      "text/plain": [
       "   0         1         2         3         4    5\n",
       "0  0  0.000000  0.000000       NaN       NaN  NaN\n",
       "1  0  0.027577  0.000000       NaN       NaN  NaN\n",
       "2  0  0.051770  0.000000  0.000000  0.000000  0.0\n",
       "3  0  0.050551  0.102619  0.104035  0.056996  0.0\n",
       "4  0  0.021271  0.050357  0.050995  0.023041  0.0\n",
       "5  0  0.000000  0.000000  0.000000  0.000000  0.0"
      ]
     },
     "execution_count": 34,
     "metadata": {},
     "output_type": "execute_result"
    }
   ],
   "source": [
    "data = pd.read_csv('data_z_test.csv')\n",
    "abs(data)"
   ]
  },
  {
   "cell_type": "markdown",
   "metadata": {},
   "source": [
    "# Основная задача"
   ]
  },
  {
   "cell_type": "markdown",
   "metadata": {},
   "source": [
    "Численное решение на обычной сетке"
   ]
  },
  {
   "cell_type": "code",
   "execution_count": 35,
   "metadata": {},
   "outputs": [
    {
     "data": {
      "text/html": [
       "<div>\n",
       "<style scoped>\n",
       "    .dataframe tbody tr th:only-of-type {\n",
       "        vertical-align: middle;\n",
       "    }\n",
       "\n",
       "    .dataframe tbody tr th {\n",
       "        vertical-align: top;\n",
       "    }\n",
       "\n",
       "    .dataframe thead th {\n",
       "        text-align: right;\n",
       "    }\n",
       "</style>\n",
       "<table border=\"1\" class=\"dataframe\">\n",
       "  <thead>\n",
       "    <tr style=\"text-align: right;\">\n",
       "      <th></th>\n",
       "      <th>0</th>\n",
       "      <th>1</th>\n",
       "      <th>2</th>\n",
       "      <th>3</th>\n",
       "      <th>4</th>\n",
       "      <th>5</th>\n",
       "      <th>6</th>\n",
       "      <th>7</th>\n",
       "      <th>8</th>\n",
       "      <th>9</th>\n",
       "      <th>...</th>\n",
       "      <th>11</th>\n",
       "      <th>12</th>\n",
       "      <th>13</th>\n",
       "      <th>14</th>\n",
       "      <th>15</th>\n",
       "      <th>16</th>\n",
       "      <th>17</th>\n",
       "      <th>18</th>\n",
       "      <th>19</th>\n",
       "      <th>20</th>\n",
       "    </tr>\n",
       "  </thead>\n",
       "  <tbody>\n",
       "    <tr>\n",
       "      <th>0</th>\n",
       "      <td>0.367879</td>\n",
       "      <td>0.444858</td>\n",
       "      <td>0.527292</td>\n",
       "      <td>0.612626</td>\n",
       "      <td>0.697676</td>\n",
       "      <td>0.778801</td>\n",
       "      <td>0.852144</td>\n",
       "      <td>0.913931</td>\n",
       "      <td>0.960789</td>\n",
       "      <td>0.990050</td>\n",
       "      <td>...</td>\n",
       "      <td>0.990050</td>\n",
       "      <td>0.960789</td>\n",
       "      <td>0.913931</td>\n",
       "      <td>0.852144</td>\n",
       "      <td>0.778801</td>\n",
       "      <td>0.697676</td>\n",
       "      <td>0.612626</td>\n",
       "      <td>0.527292</td>\n",
       "      <td>0.444858</td>\n",
       "      <td>0.367879</td>\n",
       "    </tr>\n",
       "    <tr>\n",
       "      <th>1</th>\n",
       "      <td>0.444858</td>\n",
       "      <td>0.504872</td>\n",
       "      <td>0.565774</td>\n",
       "      <td>0.628792</td>\n",
       "      <td>0.693133</td>\n",
       "      <td>0.756612</td>\n",
       "      <td>0.815908</td>\n",
       "      <td>0.867068</td>\n",
       "      <td>0.906306</td>\n",
       "      <td>0.930794</td>\n",
       "      <td>...</td>\n",
       "      <td>0.930794</td>\n",
       "      <td>0.906306</td>\n",
       "      <td>0.867068</td>\n",
       "      <td>0.815908</td>\n",
       "      <td>0.756612</td>\n",
       "      <td>0.693133</td>\n",
       "      <td>0.628792</td>\n",
       "      <td>0.565774</td>\n",
       "      <td>0.504872</td>\n",
       "      <td>0.444858</td>\n",
       "    </tr>\n",
       "    <tr>\n",
       "      <th>2</th>\n",
       "      <td>0.527292</td>\n",
       "      <td>0.565774</td>\n",
       "      <td>0.606718</td>\n",
       "      <td>0.651369</td>\n",
       "      <td>0.699223</td>\n",
       "      <td>0.748251</td>\n",
       "      <td>0.795226</td>\n",
       "      <td>0.836358</td>\n",
       "      <td>0.868121</td>\n",
       "      <td>0.887982</td>\n",
       "      <td>...</td>\n",
       "      <td>0.887982</td>\n",
       "      <td>0.868121</td>\n",
       "      <td>0.836358</td>\n",
       "      <td>0.795226</td>\n",
       "      <td>0.748251</td>\n",
       "      <td>0.699223</td>\n",
       "      <td>0.651369</td>\n",
       "      <td>0.606718</td>\n",
       "      <td>0.565774</td>\n",
       "      <td>0.527292</td>\n",
       "    </tr>\n",
       "    <tr>\n",
       "      <th>3</th>\n",
       "      <td>0.612626</td>\n",
       "      <td>0.628792</td>\n",
       "      <td>0.651369</td>\n",
       "      <td>0.680232</td>\n",
       "      <td>0.714095</td>\n",
       "      <td>0.750559</td>\n",
       "      <td>0.786424</td>\n",
       "      <td>0.818245</td>\n",
       "      <td>0.842979</td>\n",
       "      <td>0.858499</td>\n",
       "      <td>...</td>\n",
       "      <td>0.858499</td>\n",
       "      <td>0.842979</td>\n",
       "      <td>0.818245</td>\n",
       "      <td>0.786424</td>\n",
       "      <td>0.750559</td>\n",
       "      <td>0.714095</td>\n",
       "      <td>0.680232</td>\n",
       "      <td>0.651369</td>\n",
       "      <td>0.628792</td>\n",
       "      <td>0.612626</td>\n",
       "    </tr>\n",
       "    <tr>\n",
       "      <th>4</th>\n",
       "      <td>0.697676</td>\n",
       "      <td>0.693133</td>\n",
       "      <td>0.699223</td>\n",
       "      <td>0.714095</td>\n",
       "      <td>0.735471</td>\n",
       "      <td>0.760563</td>\n",
       "      <td>0.786269</td>\n",
       "      <td>0.809550</td>\n",
       "      <td>0.827854</td>\n",
       "      <td>0.839420</td>\n",
       "      <td>...</td>\n",
       "      <td>0.839420</td>\n",
       "      <td>0.827854</td>\n",
       "      <td>0.809550</td>\n",
       "      <td>0.786269</td>\n",
       "      <td>0.760563</td>\n",
       "      <td>0.735471</td>\n",
       "      <td>0.714095</td>\n",
       "      <td>0.699223</td>\n",
       "      <td>0.693133</td>\n",
       "      <td>0.697676</td>\n",
       "    </tr>\n",
       "    <tr>\n",
       "      <th>5</th>\n",
       "      <td>0.778801</td>\n",
       "      <td>0.756612</td>\n",
       "      <td>0.748251</td>\n",
       "      <td>0.750559</td>\n",
       "      <td>0.760563</td>\n",
       "      <td>0.775279</td>\n",
       "      <td>0.791781</td>\n",
       "      <td>0.807409</td>\n",
       "      <td>0.820006</td>\n",
       "      <td>0.828084</td>\n",
       "      <td>...</td>\n",
       "      <td>0.828084</td>\n",
       "      <td>0.820006</td>\n",
       "      <td>0.807409</td>\n",
       "      <td>0.791781</td>\n",
       "      <td>0.775279</td>\n",
       "      <td>0.760563</td>\n",
       "      <td>0.750559</td>\n",
       "      <td>0.748251</td>\n",
       "      <td>0.756612</td>\n",
       "      <td>0.778801</td>\n",
       "    </tr>\n",
       "    <tr>\n",
       "      <th>6</th>\n",
       "      <td>0.852144</td>\n",
       "      <td>0.815908</td>\n",
       "      <td>0.795226</td>\n",
       "      <td>0.786424</td>\n",
       "      <td>0.786269</td>\n",
       "      <td>0.791781</td>\n",
       "      <td>0.800239</td>\n",
       "      <td>0.809279</td>\n",
       "      <td>0.817021</td>\n",
       "      <td>0.822150</td>\n",
       "      <td>...</td>\n",
       "      <td>0.822150</td>\n",
       "      <td>0.817021</td>\n",
       "      <td>0.809279</td>\n",
       "      <td>0.800239</td>\n",
       "      <td>0.791781</td>\n",
       "      <td>0.786269</td>\n",
       "      <td>0.786424</td>\n",
       "      <td>0.795226</td>\n",
       "      <td>0.815908</td>\n",
       "      <td>0.852144</td>\n",
       "    </tr>\n",
       "    <tr>\n",
       "      <th>7</th>\n",
       "      <td>0.913931</td>\n",
       "      <td>0.867068</td>\n",
       "      <td>0.836358</td>\n",
       "      <td>0.818245</td>\n",
       "      <td>0.809550</td>\n",
       "      <td>0.807409</td>\n",
       "      <td>0.809279</td>\n",
       "      <td>0.813000</td>\n",
       "      <td>0.816858</td>\n",
       "      <td>0.819640</td>\n",
       "      <td>...</td>\n",
       "      <td>0.819640</td>\n",
       "      <td>0.816858</td>\n",
       "      <td>0.813000</td>\n",
       "      <td>0.809279</td>\n",
       "      <td>0.807409</td>\n",
       "      <td>0.809550</td>\n",
       "      <td>0.818245</td>\n",
       "      <td>0.836358</td>\n",
       "      <td>0.867068</td>\n",
       "      <td>0.913931</td>\n",
       "    </tr>\n",
       "    <tr>\n",
       "      <th>8</th>\n",
       "      <td>0.960789</td>\n",
       "      <td>0.906306</td>\n",
       "      <td>0.868121</td>\n",
       "      <td>0.842979</td>\n",
       "      <td>0.827854</td>\n",
       "      <td>0.820006</td>\n",
       "      <td>0.817021</td>\n",
       "      <td>0.816858</td>\n",
       "      <td>0.817899</td>\n",
       "      <td>0.818983</td>\n",
       "      <td>...</td>\n",
       "      <td>0.818983</td>\n",
       "      <td>0.817899</td>\n",
       "      <td>0.816858</td>\n",
       "      <td>0.817021</td>\n",
       "      <td>0.820006</td>\n",
       "      <td>0.827854</td>\n",
       "      <td>0.842979</td>\n",
       "      <td>0.868121</td>\n",
       "      <td>0.906306</td>\n",
       "      <td>0.960789</td>\n",
       "    </tr>\n",
       "    <tr>\n",
       "      <th>9</th>\n",
       "      <td>0.990050</td>\n",
       "      <td>0.930794</td>\n",
       "      <td>0.887982</td>\n",
       "      <td>0.858499</td>\n",
       "      <td>0.839420</td>\n",
       "      <td>0.828084</td>\n",
       "      <td>0.822150</td>\n",
       "      <td>0.819640</td>\n",
       "      <td>0.818983</td>\n",
       "      <td>0.819043</td>\n",
       "      <td>...</td>\n",
       "      <td>0.819043</td>\n",
       "      <td>0.818983</td>\n",
       "      <td>0.819640</td>\n",
       "      <td>0.822150</td>\n",
       "      <td>0.828084</td>\n",
       "      <td>0.839420</td>\n",
       "      <td>0.858499</td>\n",
       "      <td>0.887982</td>\n",
       "      <td>0.930794</td>\n",
       "      <td>0.990050</td>\n",
       "    </tr>\n",
       "    <tr>\n",
       "      <th>10</th>\n",
       "      <td>1.000000</td>\n",
       "      <td>0.939067</td>\n",
       "      <td>0.894690</td>\n",
       "      <td>0.863751</td>\n",
       "      <td>0.843349</td>\n",
       "      <td>0.830850</td>\n",
       "      <td>0.823934</td>\n",
       "      <td>0.820642</td>\n",
       "      <td>0.819419</td>\n",
       "      <td>0.819138</td>\n",
       "      <td>...</td>\n",
       "      <td>0.819138</td>\n",
       "      <td>0.819419</td>\n",
       "      <td>0.820642</td>\n",
       "      <td>0.823934</td>\n",
       "      <td>0.830850</td>\n",
       "      <td>0.843349</td>\n",
       "      <td>0.863751</td>\n",
       "      <td>0.894690</td>\n",
       "      <td>0.939067</td>\n",
       "      <td>1.000000</td>\n",
       "    </tr>\n",
       "    <tr>\n",
       "      <th>11</th>\n",
       "      <td>0.990050</td>\n",
       "      <td>0.930794</td>\n",
       "      <td>0.887982</td>\n",
       "      <td>0.858499</td>\n",
       "      <td>0.839420</td>\n",
       "      <td>0.828084</td>\n",
       "      <td>0.822150</td>\n",
       "      <td>0.819640</td>\n",
       "      <td>0.818983</td>\n",
       "      <td>0.819043</td>\n",
       "      <td>...</td>\n",
       "      <td>0.819043</td>\n",
       "      <td>0.818983</td>\n",
       "      <td>0.819640</td>\n",
       "      <td>0.822150</td>\n",
       "      <td>0.828084</td>\n",
       "      <td>0.839420</td>\n",
       "      <td>0.858499</td>\n",
       "      <td>0.887982</td>\n",
       "      <td>0.930794</td>\n",
       "      <td>0.990050</td>\n",
       "    </tr>\n",
       "    <tr>\n",
       "      <th>12</th>\n",
       "      <td>0.960789</td>\n",
       "      <td>0.906306</td>\n",
       "      <td>0.868121</td>\n",
       "      <td>0.842979</td>\n",
       "      <td>0.827854</td>\n",
       "      <td>0.820006</td>\n",
       "      <td>0.817021</td>\n",
       "      <td>0.816858</td>\n",
       "      <td>0.817899</td>\n",
       "      <td>0.818983</td>\n",
       "      <td>...</td>\n",
       "      <td>0.818983</td>\n",
       "      <td>0.817899</td>\n",
       "      <td>0.816858</td>\n",
       "      <td>0.817021</td>\n",
       "      <td>0.820006</td>\n",
       "      <td>0.827854</td>\n",
       "      <td>0.842979</td>\n",
       "      <td>0.868121</td>\n",
       "      <td>0.906306</td>\n",
       "      <td>0.960789</td>\n",
       "    </tr>\n",
       "    <tr>\n",
       "      <th>13</th>\n",
       "      <td>0.913931</td>\n",
       "      <td>0.867068</td>\n",
       "      <td>0.836358</td>\n",
       "      <td>0.818245</td>\n",
       "      <td>0.809550</td>\n",
       "      <td>0.807409</td>\n",
       "      <td>0.809279</td>\n",
       "      <td>0.813000</td>\n",
       "      <td>0.816858</td>\n",
       "      <td>0.819640</td>\n",
       "      <td>...</td>\n",
       "      <td>0.819640</td>\n",
       "      <td>0.816858</td>\n",
       "      <td>0.813000</td>\n",
       "      <td>0.809279</td>\n",
       "      <td>0.807409</td>\n",
       "      <td>0.809550</td>\n",
       "      <td>0.818245</td>\n",
       "      <td>0.836358</td>\n",
       "      <td>0.867068</td>\n",
       "      <td>0.913931</td>\n",
       "    </tr>\n",
       "    <tr>\n",
       "      <th>14</th>\n",
       "      <td>0.852144</td>\n",
       "      <td>0.815908</td>\n",
       "      <td>0.795226</td>\n",
       "      <td>0.786424</td>\n",
       "      <td>0.786269</td>\n",
       "      <td>0.791781</td>\n",
       "      <td>0.800239</td>\n",
       "      <td>0.809279</td>\n",
       "      <td>0.817021</td>\n",
       "      <td>0.822150</td>\n",
       "      <td>...</td>\n",
       "      <td>0.822150</td>\n",
       "      <td>0.817021</td>\n",
       "      <td>0.809279</td>\n",
       "      <td>0.800239</td>\n",
       "      <td>0.791781</td>\n",
       "      <td>0.786269</td>\n",
       "      <td>0.786424</td>\n",
       "      <td>0.795226</td>\n",
       "      <td>0.815908</td>\n",
       "      <td>0.852144</td>\n",
       "    </tr>\n",
       "    <tr>\n",
       "      <th>15</th>\n",
       "      <td>0.778801</td>\n",
       "      <td>0.756612</td>\n",
       "      <td>0.748251</td>\n",
       "      <td>0.750559</td>\n",
       "      <td>0.760563</td>\n",
       "      <td>0.775279</td>\n",
       "      <td>0.791781</td>\n",
       "      <td>0.807409</td>\n",
       "      <td>0.820006</td>\n",
       "      <td>0.828084</td>\n",
       "      <td>...</td>\n",
       "      <td>0.828084</td>\n",
       "      <td>0.820006</td>\n",
       "      <td>0.807409</td>\n",
       "      <td>0.791781</td>\n",
       "      <td>0.775279</td>\n",
       "      <td>0.760563</td>\n",
       "      <td>0.750559</td>\n",
       "      <td>0.748251</td>\n",
       "      <td>0.756612</td>\n",
       "      <td>0.778801</td>\n",
       "    </tr>\n",
       "    <tr>\n",
       "      <th>16</th>\n",
       "      <td>0.697676</td>\n",
       "      <td>0.693133</td>\n",
       "      <td>0.699223</td>\n",
       "      <td>0.714095</td>\n",
       "      <td>0.735471</td>\n",
       "      <td>0.760563</td>\n",
       "      <td>0.786269</td>\n",
       "      <td>0.809550</td>\n",
       "      <td>0.827854</td>\n",
       "      <td>0.839420</td>\n",
       "      <td>...</td>\n",
       "      <td>0.839420</td>\n",
       "      <td>0.827854</td>\n",
       "      <td>0.809550</td>\n",
       "      <td>0.786269</td>\n",
       "      <td>0.760563</td>\n",
       "      <td>0.735471</td>\n",
       "      <td>0.714095</td>\n",
       "      <td>0.699223</td>\n",
       "      <td>0.693133</td>\n",
       "      <td>0.697676</td>\n",
       "    </tr>\n",
       "    <tr>\n",
       "      <th>17</th>\n",
       "      <td>0.612626</td>\n",
       "      <td>0.628792</td>\n",
       "      <td>0.651369</td>\n",
       "      <td>0.680232</td>\n",
       "      <td>0.714095</td>\n",
       "      <td>0.750559</td>\n",
       "      <td>0.786424</td>\n",
       "      <td>0.818245</td>\n",
       "      <td>0.842979</td>\n",
       "      <td>0.858499</td>\n",
       "      <td>...</td>\n",
       "      <td>0.858499</td>\n",
       "      <td>0.842979</td>\n",
       "      <td>0.818245</td>\n",
       "      <td>0.786424</td>\n",
       "      <td>0.750559</td>\n",
       "      <td>0.714095</td>\n",
       "      <td>0.680232</td>\n",
       "      <td>0.651369</td>\n",
       "      <td>0.628792</td>\n",
       "      <td>0.612626</td>\n",
       "    </tr>\n",
       "    <tr>\n",
       "      <th>18</th>\n",
       "      <td>0.527292</td>\n",
       "      <td>0.565774</td>\n",
       "      <td>0.606718</td>\n",
       "      <td>0.651369</td>\n",
       "      <td>0.699223</td>\n",
       "      <td>0.748251</td>\n",
       "      <td>0.795226</td>\n",
       "      <td>0.836358</td>\n",
       "      <td>0.868121</td>\n",
       "      <td>0.887982</td>\n",
       "      <td>...</td>\n",
       "      <td>0.887982</td>\n",
       "      <td>0.868121</td>\n",
       "      <td>0.836358</td>\n",
       "      <td>0.795226</td>\n",
       "      <td>0.748251</td>\n",
       "      <td>0.699223</td>\n",
       "      <td>0.651369</td>\n",
       "      <td>0.606718</td>\n",
       "      <td>0.565774</td>\n",
       "      <td>0.527292</td>\n",
       "    </tr>\n",
       "    <tr>\n",
       "      <th>19</th>\n",
       "      <td>0.444858</td>\n",
       "      <td>0.504872</td>\n",
       "      <td>0.565774</td>\n",
       "      <td>0.628792</td>\n",
       "      <td>0.693133</td>\n",
       "      <td>0.756612</td>\n",
       "      <td>0.815908</td>\n",
       "      <td>0.867068</td>\n",
       "      <td>0.906306</td>\n",
       "      <td>0.930794</td>\n",
       "      <td>...</td>\n",
       "      <td>0.930794</td>\n",
       "      <td>0.906306</td>\n",
       "      <td>0.867068</td>\n",
       "      <td>0.815908</td>\n",
       "      <td>0.756612</td>\n",
       "      <td>0.693133</td>\n",
       "      <td>0.628792</td>\n",
       "      <td>0.565774</td>\n",
       "      <td>0.504872</td>\n",
       "      <td>0.444858</td>\n",
       "    </tr>\n",
       "    <tr>\n",
       "      <th>20</th>\n",
       "      <td>0.367879</td>\n",
       "      <td>0.444858</td>\n",
       "      <td>0.527292</td>\n",
       "      <td>0.612626</td>\n",
       "      <td>0.697676</td>\n",
       "      <td>0.778801</td>\n",
       "      <td>0.852144</td>\n",
       "      <td>0.913931</td>\n",
       "      <td>0.960789</td>\n",
       "      <td>0.990050</td>\n",
       "      <td>...</td>\n",
       "      <td>0.990050</td>\n",
       "      <td>0.960789</td>\n",
       "      <td>0.913931</td>\n",
       "      <td>0.852144</td>\n",
       "      <td>0.778801</td>\n",
       "      <td>0.697676</td>\n",
       "      <td>0.612626</td>\n",
       "      <td>0.527292</td>\n",
       "      <td>0.444858</td>\n",
       "      <td>0.367879</td>\n",
       "    </tr>\n",
       "  </tbody>\n",
       "</table>\n",
       "<p>21 rows × 21 columns</p>\n",
       "</div>"
      ],
      "text/plain": [
       "           0         1         2         3         4         5         6  \\\n",
       "0   0.367879  0.444858  0.527292  0.612626  0.697676  0.778801  0.852144   \n",
       "1   0.444858  0.504872  0.565774  0.628792  0.693133  0.756612  0.815908   \n",
       "2   0.527292  0.565774  0.606718  0.651369  0.699223  0.748251  0.795226   \n",
       "3   0.612626  0.628792  0.651369  0.680232  0.714095  0.750559  0.786424   \n",
       "4   0.697676  0.693133  0.699223  0.714095  0.735471  0.760563  0.786269   \n",
       "5   0.778801  0.756612  0.748251  0.750559  0.760563  0.775279  0.791781   \n",
       "6   0.852144  0.815908  0.795226  0.786424  0.786269  0.791781  0.800239   \n",
       "7   0.913931  0.867068  0.836358  0.818245  0.809550  0.807409  0.809279   \n",
       "8   0.960789  0.906306  0.868121  0.842979  0.827854  0.820006  0.817021   \n",
       "9   0.990050  0.930794  0.887982  0.858499  0.839420  0.828084  0.822150   \n",
       "10  1.000000  0.939067  0.894690  0.863751  0.843349  0.830850  0.823934   \n",
       "11  0.990050  0.930794  0.887982  0.858499  0.839420  0.828084  0.822150   \n",
       "12  0.960789  0.906306  0.868121  0.842979  0.827854  0.820006  0.817021   \n",
       "13  0.913931  0.867068  0.836358  0.818245  0.809550  0.807409  0.809279   \n",
       "14  0.852144  0.815908  0.795226  0.786424  0.786269  0.791781  0.800239   \n",
       "15  0.778801  0.756612  0.748251  0.750559  0.760563  0.775279  0.791781   \n",
       "16  0.697676  0.693133  0.699223  0.714095  0.735471  0.760563  0.786269   \n",
       "17  0.612626  0.628792  0.651369  0.680232  0.714095  0.750559  0.786424   \n",
       "18  0.527292  0.565774  0.606718  0.651369  0.699223  0.748251  0.795226   \n",
       "19  0.444858  0.504872  0.565774  0.628792  0.693133  0.756612  0.815908   \n",
       "20  0.367879  0.444858  0.527292  0.612626  0.697676  0.778801  0.852144   \n",
       "\n",
       "           7         8         9  ...        11        12        13        14  \\\n",
       "0   0.913931  0.960789  0.990050  ...  0.990050  0.960789  0.913931  0.852144   \n",
       "1   0.867068  0.906306  0.930794  ...  0.930794  0.906306  0.867068  0.815908   \n",
       "2   0.836358  0.868121  0.887982  ...  0.887982  0.868121  0.836358  0.795226   \n",
       "3   0.818245  0.842979  0.858499  ...  0.858499  0.842979  0.818245  0.786424   \n",
       "4   0.809550  0.827854  0.839420  ...  0.839420  0.827854  0.809550  0.786269   \n",
       "5   0.807409  0.820006  0.828084  ...  0.828084  0.820006  0.807409  0.791781   \n",
       "6   0.809279  0.817021  0.822150  ...  0.822150  0.817021  0.809279  0.800239   \n",
       "7   0.813000  0.816858  0.819640  ...  0.819640  0.816858  0.813000  0.809279   \n",
       "8   0.816858  0.817899  0.818983  ...  0.818983  0.817899  0.816858  0.817021   \n",
       "9   0.819640  0.818983  0.819043  ...  0.819043  0.818983  0.819640  0.822150   \n",
       "10  0.820642  0.819419  0.819138  ...  0.819138  0.819419  0.820642  0.823934   \n",
       "11  0.819640  0.818983  0.819043  ...  0.819043  0.818983  0.819640  0.822150   \n",
       "12  0.816858  0.817899  0.818983  ...  0.818983  0.817899  0.816858  0.817021   \n",
       "13  0.813000  0.816858  0.819640  ...  0.819640  0.816858  0.813000  0.809279   \n",
       "14  0.809279  0.817021  0.822150  ...  0.822150  0.817021  0.809279  0.800239   \n",
       "15  0.807409  0.820006  0.828084  ...  0.828084  0.820006  0.807409  0.791781   \n",
       "16  0.809550  0.827854  0.839420  ...  0.839420  0.827854  0.809550  0.786269   \n",
       "17  0.818245  0.842979  0.858499  ...  0.858499  0.842979  0.818245  0.786424   \n",
       "18  0.836358  0.868121  0.887982  ...  0.887982  0.868121  0.836358  0.795226   \n",
       "19  0.867068  0.906306  0.930794  ...  0.930794  0.906306  0.867068  0.815908   \n",
       "20  0.913931  0.960789  0.990050  ...  0.990050  0.960789  0.913931  0.852144   \n",
       "\n",
       "          15        16        17        18        19        20  \n",
       "0   0.778801  0.697676  0.612626  0.527292  0.444858  0.367879  \n",
       "1   0.756612  0.693133  0.628792  0.565774  0.504872  0.444858  \n",
       "2   0.748251  0.699223  0.651369  0.606718  0.565774  0.527292  \n",
       "3   0.750559  0.714095  0.680232  0.651369  0.628792  0.612626  \n",
       "4   0.760563  0.735471  0.714095  0.699223  0.693133  0.697676  \n",
       "5   0.775279  0.760563  0.750559  0.748251  0.756612  0.778801  \n",
       "6   0.791781  0.786269  0.786424  0.795226  0.815908  0.852144  \n",
       "7   0.807409  0.809550  0.818245  0.836358  0.867068  0.913931  \n",
       "8   0.820006  0.827854  0.842979  0.868121  0.906306  0.960789  \n",
       "9   0.828084  0.839420  0.858499  0.887982  0.930794  0.990050  \n",
       "10  0.830850  0.843349  0.863751  0.894690  0.939067  1.000000  \n",
       "11  0.828084  0.839420  0.858499  0.887982  0.930794  0.990050  \n",
       "12  0.820006  0.827854  0.842979  0.868121  0.906306  0.960789  \n",
       "13  0.807409  0.809550  0.818245  0.836358  0.867068  0.913931  \n",
       "14  0.791781  0.786269  0.786424  0.795226  0.815908  0.852144  \n",
       "15  0.775279  0.760563  0.750559  0.748251  0.756612  0.778801  \n",
       "16  0.760563  0.735471  0.714095  0.699223  0.693133  0.697676  \n",
       "17  0.750559  0.714095  0.680232  0.651369  0.628792  0.612626  \n",
       "18  0.748251  0.699223  0.651369  0.606718  0.565774  0.527292  \n",
       "19  0.756612  0.693133  0.628792  0.565774  0.504872  0.444858  \n",
       "20  0.778801  0.697676  0.612626  0.527292  0.444858  0.367879  \n",
       "\n",
       "[21 rows x 21 columns]"
      ]
     },
     "execution_count": 35,
     "metadata": {},
     "output_type": "execute_result"
    }
   ],
   "source": [
    "data = pd.read_csv('data_v1_main.csv')\n",
    "data"
   ]
  },
  {
   "cell_type": "markdown",
   "metadata": {},
   "source": [
    "Численное решение на контрольной сетке"
   ]
  },
  {
   "cell_type": "code",
   "execution_count": 36,
   "metadata": {},
   "outputs": [
    {
     "data": {
      "text/html": [
       "<div>\n",
       "<style scoped>\n",
       "    .dataframe tbody tr th:only-of-type {\n",
       "        vertical-align: middle;\n",
       "    }\n",
       "\n",
       "    .dataframe tbody tr th {\n",
       "        vertical-align: top;\n",
       "    }\n",
       "\n",
       "    .dataframe thead th {\n",
       "        text-align: right;\n",
       "    }\n",
       "</style>\n",
       "<table border=\"1\" class=\"dataframe\">\n",
       "  <thead>\n",
       "    <tr style=\"text-align: right;\">\n",
       "      <th></th>\n",
       "      <th>0</th>\n",
       "      <th>1</th>\n",
       "      <th>2</th>\n",
       "      <th>3</th>\n",
       "      <th>4</th>\n",
       "      <th>5</th>\n",
       "      <th>6</th>\n",
       "      <th>7</th>\n",
       "      <th>8</th>\n",
       "      <th>9</th>\n",
       "      <th>...</th>\n",
       "      <th>31</th>\n",
       "      <th>32</th>\n",
       "      <th>33</th>\n",
       "      <th>34</th>\n",
       "      <th>35</th>\n",
       "      <th>36</th>\n",
       "      <th>37</th>\n",
       "      <th>38</th>\n",
       "      <th>39</th>\n",
       "      <th>40</th>\n",
       "    </tr>\n",
       "  </thead>\n",
       "  <tbody>\n",
       "    <tr>\n",
       "      <th>0</th>\n",
       "      <td>0.367879</td>\n",
       "      <td>0.405555</td>\n",
       "      <td>0.444858</td>\n",
       "      <td>0.485537</td>\n",
       "      <td>0.527292</td>\n",
       "      <td>0.569783</td>\n",
       "      <td>0.612626</td>\n",
       "      <td>0.655406</td>\n",
       "      <td>0.697676</td>\n",
       "      <td>0.738968</td>\n",
       "      <td>...</td>\n",
       "      <td>0.738968</td>\n",
       "      <td>0.697676</td>\n",
       "      <td>0.655406</td>\n",
       "      <td>0.612626</td>\n",
       "      <td>0.569783</td>\n",
       "      <td>0.527292</td>\n",
       "      <td>0.485537</td>\n",
       "      <td>0.444858</td>\n",
       "      <td>0.405555</td>\n",
       "      <td>0.367879</td>\n",
       "    </tr>\n",
       "    <tr>\n",
       "      <th>1</th>\n",
       "      <td>0.405555</td>\n",
       "      <td>0.440309</td>\n",
       "      <td>0.475098</td>\n",
       "      <td>0.510430</td>\n",
       "      <td>0.546403</td>\n",
       "      <td>0.582934</td>\n",
       "      <td>0.619847</td>\n",
       "      <td>0.656890</td>\n",
       "      <td>0.693756</td>\n",
       "      <td>0.730078</td>\n",
       "      <td>...</td>\n",
       "      <td>0.730078</td>\n",
       "      <td>0.693756</td>\n",
       "      <td>0.656890</td>\n",
       "      <td>0.619847</td>\n",
       "      <td>0.582934</td>\n",
       "      <td>0.546403</td>\n",
       "      <td>0.510430</td>\n",
       "      <td>0.475098</td>\n",
       "      <td>0.440309</td>\n",
       "      <td>0.405555</td>\n",
       "    </tr>\n",
       "    <tr>\n",
       "      <th>2</th>\n",
       "      <td>0.444858</td>\n",
       "      <td>0.475098</td>\n",
       "      <td>0.505010</td>\n",
       "      <td>0.535145</td>\n",
       "      <td>0.565757</td>\n",
       "      <td>0.596918</td>\n",
       "      <td>0.628576</td>\n",
       "      <td>0.660584</td>\n",
       "      <td>0.692707</td>\n",
       "      <td>0.724634</td>\n",
       "      <td>...</td>\n",
       "      <td>0.724634</td>\n",
       "      <td>0.692707</td>\n",
       "      <td>0.660584</td>\n",
       "      <td>0.628576</td>\n",
       "      <td>0.596918</td>\n",
       "      <td>0.565757</td>\n",
       "      <td>0.535145</td>\n",
       "      <td>0.505010</td>\n",
       "      <td>0.475098</td>\n",
       "      <td>0.444858</td>\n",
       "    </tr>\n",
       "    <tr>\n",
       "      <th>3</th>\n",
       "      <td>0.485537</td>\n",
       "      <td>0.510430</td>\n",
       "      <td>0.535145</td>\n",
       "      <td>0.560146</td>\n",
       "      <td>0.585710</td>\n",
       "      <td>0.611960</td>\n",
