{
 "cells": [
  {
   "cell_type": "code",
   "execution_count": 48,
   "metadata": {},
   "outputs": [],
   "source": [
    "import pandas as pd"
   ]
  },
  {
   "cell_type": "markdown",
   "metadata": {},
   "source": [
    "# Тестовая задача"
   ]
  },
  {
   "cell_type": "markdown",
   "metadata": {},
   "source": [
    "Сетка истинного решения тестовой задачи"
   ]
  },
  {
   "cell_type": "code",
   "execution_count": 49,
   "metadata": {},
   "outputs": [
    {
     "data": {
      "text/html": [
       "<div>\n",
       "<style scoped>\n",
       "    .dataframe tbody tr th:only-of-type {\n",
       "        vertical-align: middle;\n",
       "    }\n",
       "\n",
       "    .dataframe tbody tr th {\n",
       "        vertical-align: top;\n",
       "    }\n",
       "\n",
       "    .dataframe thead th {\n",
       "        text-align: right;\n",
       "    }\n",
       "</style>\n",
       "<table border=\"1\" class=\"dataframe\">\n",
       "  <thead>\n",
       "    <tr style=\"text-align: right;\">\n",
       "      <th></th>\n",
       "      <th>0</th>\n",
       "      <th>1</th>\n",
       "      <th>2</th>\n",
       "      <th>3</th>\n",
       "      <th>4</th>\n",
       "      <th>5</th>\n",
       "      <th>6</th>\n",
       "      <th>7</th>\n",
       "      <th>8</th>\n",
       "      <th>9</th>\n",
       "      <th>10</th>\n",
       "    </tr>\n",
       "  </thead>\n",
       "  <tbody>\n",
       "    <tr>\n",
       "      <th>0</th>\n",
       "      <td>0.367879</td>\n",
       "      <td>0.527292</td>\n",
       "      <td>0.697676</td>\n",
       "      <td>0.852144</td>\n",
       "      <td>0.960789</td>\n",
       "      <td>1.000000</td>\n",
       "      <td>0.960789</td>\n",
       "      <td>0.852144</td>\n",
       "      <td>0.697676</td>\n",
       "      <td>0.527292</td>\n",
       "      <td>0.367879</td>\n",
       "    </tr>\n",
       "    <tr>\n",
       "      <th>1</th>\n",
       "      <td>0.527292</td>\n",
       "      <td>0.755784</td>\n",
       "      <td>1.000000</td>\n",
       "      <td>1.221403</td>\n",
       "      <td>1.377128</td>\n",
       "      <td>1.433329</td>\n",
       "      <td>1.377128</td>\n",
       "      <td>1.221403</td>\n",
       "      <td>1.000000</td>\n",
       "      <td>0.755784</td>\n",
       "      <td>0.527292</td>\n",
       "    </tr>\n",
       "    <tr>\n",
       "      <th>2</th>\n",
       "      <td>0.697676</td>\n",
       "      <td>1.000000</td>\n",
       "      <td>1.323130</td>\n",
       "      <td>1.616074</td>\n",
       "      <td>1.822119</td>\n",
       "      <td>1.896481</td>\n",
       "      <td>1.822119</td>\n",
       "      <td>1.616074</td>\n",
       "      <td>1.323130</td>\n",
       "      <td>1.000000</td>\n",
       "      <td>0.697676</td>\n",
       "    </tr>\n",
       "    <tr>\n",
       "      <th>3</th>\n",
       "      <td>0.852144</td>\n",
       "      <td>1.221403</td>\n",
       "      <td>1.616074</td>\n",
       "      <td>1.973878</td>\n",
       "      <td>2.225541</td>\n",
       "      <td>2.316367</td>\n",
       "      <td>2.225541</td>\n",
       "      <td>1.973878</td>\n",
       "      <td>1.616074</td>\n",
       "      <td>1.221403</td>\n",
       "      <td>0.852144</td>\n",
       "    </tr>\n",
       "    <tr>\n",
       "      <th>4</th>\n",
       "      <td>0.960789</td>\n",
       "      <td>1.377128</td>\n",
       "      <td>1.822119</td>\n",
       "      <td>2.225541</td>\n",
       "      <td>2.509290</td>\n",
       "      <td>2.611696</td>\n",
       "      <td>2.509290</td>\n",
       "      <td>2.225541</td>\n",
       "      <td>1.822119</td>\n",
       "      <td>1.377128</td>\n",
       "      <td>0.960789</td>\n",
       "    </tr>\n",
       "    <tr>\n",
       "      <th>5</th>\n",
       "      <td>1.000000</td>\n",
       "      <td>1.433329</td>\n",
       "      <td>1.896481</td>\n",
       "      <td>2.316367</td>\n",
       "      <td>2.611696</td>\n",
       "      <td>2.718282</td>\n",
       "      <td>2.611696</td>\n",
       "      <td>2.316367</td>\n",
       "      <td>1.896481</td>\n",
       "      <td>1.433329</td>\n",
       "      <td>1.000000</td>\n",
       "    </tr>\n",
       "    <tr>\n",
       "      <th>6</th>\n",
       "      <td>0.960789</td>\n",
       "      <td>1.377128</td>\n",
       "      <td>1.822119</td>\n",
       "      <td>2.225541</td>\n",
       "      <td>2.509290</td>\n",
       "      <td>2.611696</td>\n",
       "      <td>2.509290</td>\n",
       "      <td>2.225541</td>\n",
       "      <td>1.822119</td>\n",
       "      <td>1.377128</td>\n",
       "      <td>0.960789</td>\n",
       "    </tr>\n",
       "    <tr>\n",
       "      <th>7</th>\n",
       "      <td>0.852144</td>\n",
       "      <td>1.221403</td>\n",
       "      <td>1.616074</td>\n",
       "      <td>1.973878</td>\n",
       "      <td>2.225541</td>\n",
       "      <td>2.316367</td>\n",
       "      <td>2.225541</td>\n",
       "      <td>1.973878</td>\n",
       "      <td>1.616074</td>\n",
       "      <td>1.221403</td>\n",
       "      <td>0.852144</td>\n",
       "    </tr>\n",
       "    <tr>\n",
       "      <th>8</th>\n",
       "      <td>0.697676</td>\n",
       "      <td>1.000000</td>\n",
       "      <td>1.323130</td>\n",
       "      <td>1.616074</td>\n",
       "      <td>1.822119</td>\n",
       "      <td>1.896481</td>\n",
       "      <td>1.822119</td>\n",
       "      <td>1.616074</td>\n",
       "      <td>1.323130</td>\n",
       "      <td>1.000000</td>\n",
       "      <td>0.697676</td>\n",
       "    </tr>\n",
       "    <tr>\n",
       "      <th>9</th>\n",
       "      <td>0.527292</td>\n",
       "      <td>0.755784</td>\n",
       "      <td>1.000000</td>\n",
       "      <td>1.221403</td>\n",
       "      <td>1.377128</td>\n",
       "      <td>1.433329</td>\n",
       "      <td>1.377128</td>\n",
       "      <td>1.221403</td>\n",
       "      <td>1.000000</td>\n",
       "      <td>0.755784</td>\n",
       "      <td>0.527292</td>\n",
       "    </tr>\n",
       "    <tr>\n",
       "      <th>10</th>\n",
       "      <td>0.367879</td>\n",
       "      <td>0.527292</td>\n",
       "      <td>0.697676</td>\n",
       "      <td>0.852144</td>\n",
       "      <td>0.960789</td>\n",
       "      <td>1.000000</td>\n",
       "      <td>0.960789</td>\n",
       "      <td>0.852144</td>\n",
       "      <td>0.697676</td>\n",
       "      <td>0.527292</td>\n",
       "      <td>0.367879</td>\n",
       "    </tr>\n",
       "  </tbody>\n",
       "</table>\n",
       "</div>"
      ],
      "text/plain": [
       "           0         1         2         3         4         5         6  \\\n",
       "0   0.367879  0.527292  0.697676  0.852144  0.960789  1.000000  0.960789   \n",
       "1   0.527292  0.755784  1.000000  1.221403  1.377128  1.433329  1.377128   \n",
       "2   0.697676  1.000000  1.323130  1.616074  1.822119  1.896481  1.822119   \n",
       "3   0.852144  1.221403  1.616074  1.973878  2.225541  2.316367  2.225541   \n",
       "4   0.960789  1.377128  1.822119  2.225541  2.509290  2.611696  2.509290   \n",
       "5   1.000000  1.433329  1.896481  2.316367  2.611696  2.718282  2.611696   \n",
       "6   0.960789  1.377128  1.822119  2.225541  2.509290  2.611696  2.509290   \n",
       "7   0.852144  1.221403  1.616074  1.973878  2.225541  2.316367  2.225541   \n",
       "8   0.697676  1.000000  1.323130  1.616074  1.822119  1.896481  1.822119   \n",
       "9   0.527292  0.755784  1.000000  1.221403  1.377128  1.433329  1.377128   \n",
       "10  0.367879  0.527292  0.697676  0.852144  0.960789  1.000000  0.960789   \n",
       "\n",
       "           7         8         9        10  \n",
       "0   0.852144  0.697676  0.527292  0.367879  \n",
       "1   1.221403  1.000000  0.755784  0.527292  \n",
       "2   1.616074  1.323130  1.000000  0.697676  \n",
       "3   1.973878  1.616074  1.221403  0.852144  \n",
       "4   2.225541  1.822119  1.377128  0.960789  \n",
       "5   2.316367  1.896481  1.433329  1.000000  \n",
       "6   2.225541  1.822119  1.377128  0.960789  \n",
       "7   1.973878  1.616074  1.221403  0.852144  \n",
       "8   1.616074  1.323130  1.000000  0.697676  \n",
       "9   1.221403  1.000000  0.755784  0.527292  \n",
       "10  0.852144  0.697676  0.527292  0.367879  "
      ]
     },
     "execution_count": 49,
     "metadata": {},
     "output_type": "execute_result"
    }
   ],
   "source": [
    "data = pd.read_csv('data_u_test.csv')\n",
    "data"
   ]
  },
  {
   "cell_type": "markdown",
   "metadata": {},
   "source": [
    "Сетка численного решения тестовой задачи"
   ]
  },
  {
   "cell_type": "code",
   "execution_count": 50,
   "metadata": {},
   "outputs": [
    {
     "data": {
      "text/html": [
       "<div>\n",
       "<style scoped>\n",
       "    .dataframe tbody tr th:only-of-type {\n",
       "        vertical-align: middle;\n",
       "    }\n",
       "\n",
       "    .dataframe tbody tr th {\n",
       "        vertical-align: top;\n",
       "    }\n",
       "\n",
       "    .dataframe thead th {\n",
       "        text-align: right;\n",
       "    }\n",
       "</style>\n",
       "<table border=\"1\" class=\"dataframe\">\n",
       "  <thead>\n",
       "    <tr style=\"text-align: right;\">\n",
       "      <th></th>\n",
       "      <th>0</th>\n",
       "      <th>1</th>\n",
       "      <th>2</th>\n",
       "      <th>3</th>\n",
       "      <th>4</th>\n",
       "      <th>5</th>\n",
       "      <th>6</th>\n",
       "      <th>7</th>\n",
       "      <th>8</th>\n",
       "      <th>9</th>\n",
       "      <th>10</th>\n",
       "    </tr>\n",
       "  </thead>\n",
       "  <tbody>\n",
       "    <tr>\n",
       "      <th>0</th>\n",
       "      <td>0.367879</td>\n",
       "      <td>0.527292</td>\n",
       "      <td>0.697676</td>\n",
       "      <td>0.852144</td>\n",
       "      <td>0.960789</td>\n",
       "      <td>1.000000</td>\n",
       "      <td>0.960789</td>\n",
       "      <td>0.852144</td>\n",
       "      <td>0.697676</td>\n",
       "      <td>0.527292</td>\n",
       "      <td>0.367879</td>\n",
       "    </tr>\n",
       "    <tr>\n",
       "      <th>1</th>\n",
       "      <td>0.527292</td>\n",
       "      <td>0.756073</td>\n",
       "      <td>1.001782</td>\n",
       "      <td>1.225141</td>\n",
       "      <td>1.382496</td>\n",
       "      <td>1.439330</td>\n",
       "      <td>1.382496</td>\n",
       "      <td>1.225141</td>\n",
       "      <td>1.001782</td>\n",
       "      <td>0.756073</td>\n",
       "      <td>0.527292</td>\n",
       "    </tr>\n",
       "    <tr>\n",
       "      <th>2</th>\n",
       "      <td>0.697676</td>\n",
       "      <td>1.001782</td>\n",
       "      <td>1.328240</td>\n",
       "      <td>1.625058</td>\n",
       "      <td>1.834214</td>\n",
       "      <td>1.909768</td>\n",
       "      <td>1.834214</td>\n",
       "      <td>1.625058</td>\n",
       "      <td>1.328239</td>\n",
       "      <td>1.001782</td>\n",
       "      <td>0.697676</td>\n",
       "    </tr>\n",
       "    <tr>\n",
       "      <th>3</th>\n",
       "      <td>0.852144</td>\n",
       "      <td>1.225141</td>\n",
       "      <td>1.625058</td>\n",
       "      <td>1.988524</td>\n",
       "      <td>2.244611</td>\n",
       "      <td>2.337115</td>\n",
       "      <td>2.244611</td>\n",
       "      <td>1.988524</td>\n",
       "      <td>1.625058</td>\n",
       "      <td>1.225141</td>\n",
       "      <td>0.852144</td>\n",
       "    </tr>\n",
       "    <tr>\n",
       "      <th>4</th>\n",
       "      <td>0.960789</td>\n",
       "      <td>1.382496</td>\n",
       "      <td>1.834214</td>\n",
       "      <td>2.244611</td>\n",
       "      <td>2.533722</td>\n",
       "      <td>2.638149</td>\n",
       "      <td>2.533722</td>\n",
       "      <td>2.244611</td>\n",
       "      <td>1.834214</td>\n",
       "      <td>1.382496</td>\n",
       "      <td>0.960789</td>\n",
       "    </tr>\n",
       "    <tr>\n",
       "      <th>5</th>\n",
       "      <td>1.000000</td>\n",
       "      <td>1.439330</td>\n",
       "      <td>1.909768</td>\n",
       "      <td>2.337115</td>\n",
       "      <td>2.638149</td>\n",
       "      <td>2.746880</td>\n",
       "      <td>2.638149</td>\n",
       "      <td>2.337115</td>\n",
       "      <td>1.909768</td>\n",
       "      <td>1.439330</td>\n",
       "      <td>1.000000</td>\n",
       "    </tr>\n",
       "    <tr>\n",
       "      <th>6</th>\n",
       "      <td>0.960789</td>\n",
       "      <td>1.382496</td>\n",
       "      <td>1.834214</td>\n",
       "      <td>2.244611</td>\n",
       "      <td>2.533722</td>\n",
       "      <td>2.638149</td>\n",
       "      <td>2.533722</td>\n",
       "      <td>2.244611</td>\n",
       "      <td>1.834214</td>\n",
       "      <td>1.382496</td>\n",
       "      <td>0.960789</td>\n",
       "    </tr>\n",
       "    <tr>\n",
       "      <th>7</th>\n",
       "      <td>0.852144</td>\n",
       "      <td>1.225141</td>\n",
       "      <td>1.625058</td>\n",
       "      <td>1.988524</td>\n",
       "      <td>2.244611</td>\n",
       "      <td>2.337115</td>\n",
       "      <td>2.244611</td>\n",
       "      <td>1.988524</td>\n",
       "      <td>1.625059</td>\n",
       "      <td>1.225141</td>\n",
       "      <td>0.852144</td>\n",
       "    </tr>\n",
       "    <tr>\n",
       "      <th>8</th>\n",
       "      <td>0.697676</td>\n",
       "      <td>1.001782</td>\n",
       "      <td>1.328239</td>\n",
       "      <td>1.625058</td>\n",
       "      <td>1.834214</td>\n",
       "      <td>1.909768</td>\n",
       "      <td>1.834214</td>\n",
       "      <td>1.625059</td>\n",
       "      <td>1.328240</td>\n",
       "      <td>1.001783</td>\n",
       "      <td>0.697676</td>\n",
       "    </tr>\n",
       "    <tr>\n",
       "      <th>9</th>\n",
       "      <td>0.527292</td>\n",
       "      <td>0.756073</td>\n",
       "      <td>1.001782</td>\n",
       "      <td>1.225141</td>\n",
       "      <td>1.382496</td>\n",
       "      <td>1.439330</td>\n",
       "      <td>1.382496</td>\n",
       "      <td>1.225141</td>\n",
       "      <td>1.001783</td>\n",
       "      <td>0.756073</td>\n",
       "      <td>0.527292</td>\n",
       "    </tr>\n",
       "    <tr>\n",
       "      <th>10</th>\n",
       "      <td>0.367879</td>\n",
       "      <td>0.527292</td>\n",
       "      <td>0.697676</td>\n",
       "      <td>0.852144</td>\n",
       "      <td>0.960789</td>\n",
       "      <td>1.000000</td>\n",
       "      <td>0.960789</td>\n",
       "      <td>0.852144</td>\n",
       "      <td>0.697676</td>\n",
       "      <td>0.527292</td>\n",
       "      <td>0.367879</td>\n",
       "    </tr>\n",
       "  </tbody>\n",
       "</table>\n",
       "</div>"
      ],
      "text/plain": [
       "           0         1         2         3         4         5         6  \\\n",
       "0   0.367879  0.527292  0.697676  0.852144  0.960789  1.000000  0.960789   \n",
       "1   0.527292  0.756073  1.001782  1.225141  1.382496  1.439330  1.382496   \n",
       "2   0.697676  1.001782  1.328240  1.625058  1.834214  1.909768  1.834214   \n",
       "3   0.852144  1.225141  1.625058  1.988524  2.244611  2.337115  2.244611   \n",
       "4   0.960789  1.382496  1.834214  2.244611  2.533722  2.638149  2.533722   \n",
       "5   1.000000  1.439330  1.909768  2.337115  2.638149  2.746880  2.638149   \n",
       "6   0.960789  1.382496  1.834214  2.244611  2.533722  2.638149  2.533722   \n",
       "7   0.852144  1.225141  1.625058  1.988524  2.244611  2.337115  2.244611   \n",
       "8   0.697676  1.001782  1.328239  1.625058  1.834214  1.909768  1.834214   \n",
       "9   0.527292  0.756073  1.001782  1.225141  1.382496  1.439330  1.382496   \n",
       "10  0.367879  0.527292  0.697676  0.852144  0.960789  1.000000  0.960789   \n",
       "\n",
       "           7         8         9        10  \n",
       "0   0.852144  0.697676  0.527292  0.367879  \n",
       "1   1.225141  1.001782  0.756073  0.527292  \n",
       "2   1.625058  1.328239  1.001782  0.697676  \n",
       "3   1.988524  1.625058  1.225141  0.852144  \n",
       "4   2.244611  1.834214  1.382496  0.960789  \n",
       "5   2.337115  1.909768  1.439330  1.000000  \n",
       "6   2.244611  1.834214  1.382496  0.960789  \n",
       "7   1.988524  1.625059  1.225141  0.852144  \n",
       "8   1.625059  1.328240  1.001783  0.697676  \n",
       "9   1.225141  1.001783  0.756073  0.527292  \n",
       "10  0.852144  0.697676  0.527292  0.367879  "
      ]
     },
     "execution_count": 50,
     "metadata": {},
     "output_type": "execute_result"
    }
   ],
   "source": [
    "data = pd.read_csv('data_v_test.csv')\n",
    "data"
   ]
  },
  {
   "cell_type": "markdown",
   "metadata": {},
   "source": [
    "Сетка погрешностей решения тестовой задачи"
   ]
  },
  {
   "cell_type": "code",
   "execution_count": 51,
   "metadata": {},
   "outputs": [
    {
     "data": {
      "text/html": [
       "<div>\n",
       "<style scoped>\n",
       "    .dataframe tbody tr th:only-of-type {\n",
       "        vertical-align: middle;\n",
       "    }\n",
       "\n",
       "    .dataframe tbody tr th {\n",
       "        vertical-align: top;\n",
       "    }\n",
       "\n",
       "    .dataframe thead th {\n",
       "        text-align: right;\n",
       "    }\n",
       "</style>\n",
       "<table border=\"1\" class=\"dataframe\">\n",
       "  <thead>\n",
       "    <tr style=\"text-align: right;\">\n",
       "      <th></th>\n",
       "      <th>0</th>\n",
       "      <th>1</th>\n",
       "      <th>2</th>\n",
       "      <th>3</th>\n",
       "      <th>4</th>\n",
       "      <th>5</th>\n",
       "      <th>6</th>\n",
       "      <th>7</th>\n",
       "      <th>8</th>\n",
       "      <th>9</th>\n",
       "      <th>10</th>\n",
       "    </tr>\n",
       "  </thead>\n",
       "  <tbody>\n",
       "    <tr>\n",
       "      <th>0</th>\n",
       "      <td>0.0</td>\n",
       "      <td>0.000000</td>\n",
       "      <td>0.000000</td>\n",
       "      <td>0.000000</td>\n",
       "      <td>0.000000</td>\n",
       "      <td>0.000000</td>\n",
       "      <td>0.000000</td>\n",
       "      <td>0.000000</td>\n",
       "      <td>0.000000</td>\n",
       "      <td>0.000000</td>\n",
       "      <td>0.0</td>\n",
       "    </tr>\n",
       "    <tr>\n",
       "      <th>1</th>\n",
       "      <td>0.0</td>\n",
       "      <td>0.000289</td>\n",
       "      <td>0.001782</td>\n",
       "      <td>0.003739</td>\n",
       "      <td>0.005368</td>\n",
       "      <td>0.006001</td>\n",
       "      <td>0.005368</td>\n",
       "      <td>0.003739</td>\n",
       "      <td>0.001782</td>\n",
       "      <td>0.000289</td>\n",
       "      <td>0.0</td>\n",
       "    </tr>\n",
       "    <tr>\n",
       "      <th>2</th>\n",
       "      <td>0.0</td>\n",
       "      <td>0.001782</td>\n",
       "      <td>0.005110</td>\n",
       "      <td>0.008984</td>\n",
       "      <td>0.012096</td>\n",
       "      <td>0.013287</td>\n",
       "      <td>0.012096</td>\n",
       "      <td>0.008984</td>\n",
       "      <td>0.005110</td>\n",
       "      <td>0.001782</td>\n",
       "      <td>0.0</td>\n",
       "    </tr>\n",
       "    <tr>\n",
       "      <th>3</th>\n",
       "      <td>0.0</td>\n",
       "      <td>0.003739</td>\n",
       "      <td>0.008984</td>\n",
       "      <td>0.014647</td>\n",
       "      <td>0.019070</td>\n",
       "      <td>0.020748</td>\n",
       "      <td>0.019070</td>\n",
       "      <td>0.014646</td>\n",
       "      <td>0.008984</td>\n",
       "      <td>0.003739</td>\n",
       "      <td>0.0</td>\n",
       "    </tr>\n",
       "    <tr>\n",
       "      <th>4</th>\n",
       "      <td>0.0</td>\n",
       "      <td>0.005368</td>\n",
       "      <td>0.012096</td>\n",
       "      <td>0.019070</td>\n",
       "      <td>0.024431</td>\n",
       "      <td>0.026452</td>\n",
       "      <td>0.024431</td>\n",
       "      <td>0.019070</td>\n",
       "      <td>0.012095</td>\n",
       "      <td>0.005368</td>\n",
       "      <td>0.0</td>\n",
       "    </tr>\n",
       "    <tr>\n",
       "      <th>5</th>\n",
       "      <td>0.0</td>\n",
       "      <td>0.006001</td>\n",
       "      <td>0.013287</td>\n",
       "      <td>0.020748</td>\n",
       "      <td>0.026452</td>\n",
       "      <td>0.028598</td>\n",
       "      <td>0.026452</td>\n",
       "      <td>0.020748</td>\n",
       "      <td>0.013287</td>\n",
       "      <td>0.006001</td>\n",
       "      <td>0.0</td>\n",
       "    </tr>\n",
       "    <tr>\n",
       "      <th>6</th>\n",
       "      <td>0.0</td>\n",
       "      <td>0.005368</td>\n",
       "      <td>0.012096</td>\n",
       "      <td>0.019070</td>\n",
       "      <td>0.024431</td>\n",
       "      <td>0.026452</td>\n",
       "      <td>0.024431</td>\n",
       "      <td>0.019070</td>\n",
       "      <td>0.012096</td>\n",
       "      <td>0.005368</td>\n",
       "      <td>0.0</td>\n",
       "    </tr>\n",
       "    <tr>\n",
       "      <th>7</th>\n",
       "      <td>0.0</td>\n",
       "      <td>0.003739</td>\n",
       "      <td>0.008984</td>\n",
       "      <td>0.014646</td>\n",
       "      <td>0.019070</td>\n",
       "      <td>0.020748</td>\n",
       "      <td>0.019070</td>\n",
       "      <td>0.014647</td>\n",
       "      <td>0.008984</td>\n",
       "      <td>0.003739</td>\n",
       "      <td>0.0</td>\n",
       "    </tr>\n",
       "    <tr>\n",
       "      <th>8</th>\n",
       "      <td>0.0</td>\n",
       "      <td>0.001782</td>\n",
       "      <td>0.005110</td>\n",
       "      <td>0.008984</td>\n",
       "      <td>0.012095</td>\n",
       "      <td>0.013287</td>\n",
       "      <td>0.012096</td>\n",
       "      <td>0.008984</td>\n",
       "      <td>0.005110</td>\n",
       "      <td>0.001783</td>\n",
       "      <td>0.0</td>\n",
       "    </tr>\n",
       "    <tr>\n",
       "      <th>9</th>\n",
       "      <td>0.0</td>\n",
       "      <td>0.000289</td>\n",
       "      <td>0.001782</td>\n",
       "      <td>0.003739</td>\n",
       "      <td>0.005368</td>\n",
       "      <td>0.006001</td>\n",
       "      <td>0.005368</td>\n",
       "      <td>0.003739</td>\n",
       "      <td>0.001783</td>\n",
       "      <td>0.000289</td>\n",
       "      <td>0.0</td>\n",
       "    </tr>\n",
       "    <tr>\n",
       "      <th>10</th>\n",
       "      <td>0.0</td>\n",
       "      <td>0.000000</td>\n",
       "      <td>0.000000</td>\n",
       "      <td>0.000000</td>\n",
       "      <td>0.000000</td>\n",
       "      <td>0.000000</td>\n",
       "      <td>0.000000</td>\n",
       "      <td>0.000000</td>\n",
       "      <td>0.000000</td>\n",
       "      <td>0.000000</td>\n",
       "      <td>0.0</td>\n",
       "    </tr>\n",
       "  </tbody>\n",
       "</table>\n",
       "</div>"
      ],
      "text/plain": [
       "      0         1         2         3         4         5         6         7  \\\n",
       "0   0.0  0.000000  0.000000  0.000000  0.000000  0.000000  0.000000  0.000000   \n",
       "1   0.0  0.000289  0.001782  0.003739  0.005368  0.006001  0.005368  0.003739   \n",
       "2   0.0  0.001782  0.005110  0.008984  0.012096  0.013287  0.012096  0.008984   \n",
       "3   0.0  0.003739  0.008984  0.014647  0.019070  0.020748  0.019070  0.014646   \n",
       "4   0.0  0.005368  0.012096  0.019070  0.024431  0.026452  0.024431  0.019070   \n",
       "5   0.0  0.006001  0.013287  0.020748  0.026452  0.028598  0.026452  0.020748   \n",
       "6   0.0  0.005368  0.012096  0.019070  0.024431  0.026452  0.024431  0.019070   \n",
       "7   0.0  0.003739  0.008984  0.014646  0.019070  0.020748  0.019070  0.014647   \n",
       "8   0.0  0.001782  0.005110  0.008984  0.012095  0.013287  0.012096  0.008984   \n",
       "9   0.0  0.000289  0.001782  0.003739  0.005368  0.006001  0.005368  0.003739   \n",
       "10  0.0  0.000000  0.000000  0.000000  0.000000  0.000000  0.000000  0.000000   \n",
       "\n",
       "           8         9   10  \n",
       "0   0.000000  0.000000  0.0  \n",
       "1   0.001782  0.000289  0.0  \n",
       "2   0.005110  0.001782  0.0  \n",
       "3   0.008984  0.003739  0.0  \n",
       "4   0.012095  0.005368  0.0  \n",
       "5   0.013287  0.006001  0.0  \n",
       "6   0.012096  0.005368  0.0  \n",
       "7   0.008984  0.003739  0.0  \n",
       "8   0.005110  0.001783  0.0  \n",
       "9   0.001783  0.000289  0.0  \n",
       "10  0.000000  0.000000  0.0  "
      ]
     },
     "execution_count": 51,
     "metadata": {},
     "output_type": "execute_result"
    }
   ],
   "source": [
    "data = pd.read_csv('data_z_test.csv')\n",
    "abs(data)"
   ]
  },
  {
   "cell_type": "markdown",
   "metadata": {},
   "source": [
    "# Основная задача"
   ]
  },
  {
   "cell_type": "markdown",
   "metadata": {},
   "source": [
    "Численное решение на обычной сетке"
   ]
  },
  {
   "cell_type": "code",
   "execution_count": 52,
   "metadata": {},
   "outputs": [
    {
     "data": {
      "text/html": [
       "<div>\n",
       "<style scoped>\n",
       "    .dataframe tbody tr th:only-of-type {\n",
       "        vertical-align: middle;\n",
       "    }\n",
       "\n",
       "    .dataframe tbody tr th {\n",
       "        vertical-align: top;\n",
       "    }\n",
       "\n",
       "    .dataframe thead th {\n",
       "        text-align: right;\n",
       "    }\n",
       "</style>\n",
       "<table border=\"1\" class=\"dataframe\">\n",
       "  <thead>\n",
       "    <tr style=\"text-align: right;\">\n",
       "      <th></th>\n",
       "      <th>0</th>\n",
       "      <th>1</th>\n",
       "      <th>2</th>\n",
       "      <th>3</th>\n",
       "      <th>4</th>\n",
       "      <th>5</th>\n",
       "      <th>6</th>\n",
       "      <th>7</th>\n",
       "      <th>8</th>\n",
       "      <th>9</th>\n",
       "      <th>...</th>\n",
       "      <th>21</th>\n",
       "      <th>22</th>\n",
       "      <th>23</th>\n",
       "      <th>24</th>\n",
       "      <th>25</th>\n",
       "      <th>26</th>\n",
       "      <th>27</th>\n",
       "      <th>28</th>\n",
       "      <th>29</th>\n",
       "      <th>30</th>\n",
       "    </tr>\n",
       "  </thead>\n",
       "  <tbody>\n",
       "    <tr>\n",
       "      <th>0</th>\n",
       "      <td>0.367879</td>\n",
       "      <td>0.418486</td>\n",
       "      <td>0.471842</td>\n",
       "      <td>0.527292</td>\n",
       "      <td>0.584045</td>\n",
       "      <td>0.641180</td>\n",
       "      <td>0.697676</td>\n",
       "      <td>0.752432</td>\n",
       "      <td>0.804304</td>\n",
       "      <td>0.852144</td>\n",
       "      <td>...</td>\n",
       "      <td>0.852144</td>\n",
       "      <td>0.804304</td>\n",
       "      <td>0.752432</td>\n",
       "      <td>0.697676</td>\n",
       "      <td>0.641180</td>\n",
       "      <td>0.584045</td>\n",
       "      <td>0.527292</td>\n",
       "      <td>0.471842</td>\n",
       "      <td>0.418486</td>\n",
       "      <td>0.367879</td>\n",
       "    </tr>\n",
       "    <tr>\n",
       "      <th>1</th>\n",
       "      <td>0.418486</td>\n",
       "      <td>0.462897</td>\n",
       "      <td>0.507444</td>\n",
       "      <td>0.552906</td>\n",
       "      <td>0.599310</td>\n",
       "      <td>0.646324</td>\n",
       "      <td>0.693371</td>\n",
       "      <td>0.739663</td>\n",
       "      <td>0.784220</td>\n",
       "      <td>0.825922</td>\n",
       "      <td>...</td>\n",
       "      <td>0.825922</td>\n",
       "      <td>0.784220</td>\n",
       "      <td>0.739663</td>\n",
       "      <td>0.693371</td>\n",
       "      <td>0.646324</td>\n",
       "      <td>0.599310</td>\n",
       "      <td>0.552906</td>\n",
       "      <td>0.507444</td>\n",
       "      <td>0.462897</td>\n",
       "      <td>0.418486</td>\n",
       "    </tr>\n",
       "    <tr>\n",
       "      <th>2</th>\n",
       "      <td>0.471842</td>\n",
       "      <td>0.507444</td>\n",
       "      <td>0.542933</td>\n",
       "      <td>0.579201</td>\n",
       "      <td>0.616572</td>\n",
       "      <td>0.654979</td>\n",
       "      <td>0.694036</td>\n",
       "      <td>0.733074</td>\n",
       "      <td>0.771172</td>\n",
       "      <td>0.807229</td>\n",
       "      <td>...</td>\n",
       "      <td>0.807229</td>\n",
       "      <td>0.771172</td>\n",
       "      <td>0.733074</td>\n",
       "      <td>0.694036</td>\n",
       "      <td>0.654979</td>\n",
       "      <td>0.616572</td>\n",
       "      <td>0.579201</td>\n",
       "      <td>0.542933</td>\n",
       "      <td>0.507444</td>\n",
       "      <td>0.471842</td>\n",
       "    </tr>\n",
       "    <tr>\n",
       "      <th>3</th>\n",
       "      <td>0.527292</td>\n",
       "      <td>0.552906</td>\n",
       "      <td>0.579201</td>\n",
       "      <td>0.606855</td>\n",
       "      <td>0.636157</td>\n",
       "      <td>0.667047</td>\n",
       "      <td>0.699144</td>\n",
       "      <td>0.731781</td>\n",
       "      <td>0.764047</td>\n",
       "      <td>0.794865</td>\n",
       "      <td>...</td>\n",
       "      <td>0.794865</td>\n",
       "      <td>0.764047</td>\n",
       "      <td>0.731781</td>\n",
       "      <td>0.699144</td>\n",
       "      <td>0.667047</td>\n",
       "      <td>0.636157</td>\n",
       "      <td>0.606855</td>\n",
       "      <td>0.579201</td>\n",
       "      <td>0.552906</td>\n",
       "      <td>0.527292</td>\n",
       "    </tr>\n",
       "    <tr>\n",
       "      <th>4</th>\n",
       "      <td>0.584045</td>\n",
       "      <td>0.599310</td>\n",
       "      <td>0.616572</td>\n",
       "      <td>0.636157</td>\n",
       "      <td>0.658132</td>\n",
       "      <td>0.682285</td>\n",
       "      <td>0.708139</td>\n",
       "      <td>0.734970</td>\n",
       "      <td>0.761860</td>\n",
       "      <td>0.787774</td>\n",
       "      <td>...</td>\n",
       "      <td>0.787774</td>\n",
       "      <td>0.761860</td>\n",
       "      <td>0.734970</td>\n",
       "      <td>0.708139</td>\n",
       "      <td>0.682285</td>\n",
       "      <td>0.658132</td>\n",
       "      <td>0.636157</td>\n",
       "      <td>0.616572</td>\n",
       "      <td>0.599310</td>\n",
       "      <td>0.584045</td>\n",
       "    </tr>\n",
       "    <tr>\n",
       "      <th>5</th>\n",
       "      <td>0.641180</td>\n",
       "      <td>0.646324</td>\n",
       "      <td>0.654979</td>\n",
       "      <td>0.667047</td>\n",
       "      <td>0.682285</td>\n",
       "      <td>0.700267</td>\n",
       "      <td>0.720377</td>\n",
       "      <td>0.741824</td>\n",
       "      <td>0.763689</td>\n",
       "      <td>0.784984</td>\n",
       "      <td>...</td>\n",
       "      <td>0.784984</td>\n",
       "      <td>0.763689</td>\n",
       "      <td>0.741824</td>\n",
       "      <td>0.720377</td>\n",
       "      <td>0.700267</td>\n",
       "      <td>0.682285</td>\n",
       "      <td>0.667047</td>\n",
       "      <td>0.654979</td>\n",
       "      <td>0.646324</td>\n",
       "      <td>0.641180</td>\n",
       "    </tr>\n",
       "    <tr>\n",
       "      <th>6</th>\n",
       "      <td>0.697676</td>\n",
       "      <td>0.693371</td>\n",
       "      <td>0.694036</td>\n",
       "      <td>0.699144</td>\n",
       "      <td>0.708139</td>\n",
       "      <td>0.720377</td>\n",
       "      <td>0.735113</td>\n",
       "      <td>0.751502</td>\n",
       "      <td>0.768634</td>\n",
       "      <td>0.785581</td>\n",
       "      <td>...</td>\n",
       "      <td>0.785581</td>\n",
       "      <td>0.768634</td>\n",
       "      <td>0.751502</td>\n",
       "      <td>0.735113</td>\n",
       "      <td>0.720377</td>\n",
       "      <td>0.708139</td>\n",
       "      <td>0.699144</td>\n",
       "      <td>0.694036</td>\n",
       "      <td>0.693371</td>\n",
       "      <td>0.697676</td>\n",
       "    </tr>\n",
       "    <tr>\n",
       "      <th>7</th>\n",
       "      <td>0.752432</td>\n",
       "      <td>0.739663</td>\n",
       "      <td>0.733074</td>\n",
       "      <td>0.731781</td>\n",
       "      <td>0.734970</td>\n",
       "      <td>0.741824</td>\n",
       "      <td>0.751502</td>\n",
       "      <td>0.763128</td>\n",
       "      <td>0.775814</td>\n",
       "      <td>0.788695</td>\n",
       "      <td>...</td>\n",
       "      <td>0.788695</td>\n",
       "      <td>0.775814</td>\n",
       "      <td>0.763128</td>\n",
       "      <td>0.751502</td>\n",
       "      <td>0.741824</td>\n",
       "      <td>0.734970</td>\n",
       "      <td>0.731781</td>\n",
       "      <td>0.733074</td>\n",
       "      <td>0.739663</td>\n",
       "      <td>0.752432</td>\n",
       "    </tr>\n",
       "    <tr>\n",
       "      <th>8</th>\n",
       "      <td>0.804304</td>\n",
       "      <td>0.784220</td>\n",
       "      <td>0.771172</td>\n",
       "      <td>0.764047</td>\n",
       "      <td>0.761860</td>\n",
       "      <td>0.763689</td>\n",
       "      <td>0.768634</td>\n",
       "      <td>0.775814</td>\n",
       "      <td>0.784374</td>\n",
       "      <td>0.793506</td>\n",
       "      <td>...</td>\n",
       "      <td>0.793506</td>\n",
       "      <td>0.784374</td>\n",
       "      <td>0.775814</td>\n",
       "      <td>0.768634</td>\n",
       "      <td>0.763689</td>\n",
       "      <td>0.761860</td>\n",
       "      <td>0.764047</td>\n",
       "      <td>0.771172</td>\n",
       "      <td>0.784220</td>\n",
       "      <td>0.804304</td>\n",
       "    </tr>\n",
       "    <tr>\n",
       "      <th>9</th>\n",
       "      <td>0.852144</td>\n",
       "      <td>0.825922</td>\n",
       "      <td>0.807229</td>\n",
       "      <td>0.794865</td>\n",
       "      <td>0.787774</td>\n",
       "      <td>0.784984</td>\n",
       "      <td>0.785581</td>\n",
       "      <td>0.788695</td>\n",
       "      <td>0.793506</td>\n",
       "      <td>0.799258</td>\n",
       "      <td>...</td>\n",
       "      <td>0.799258</td>\n",
       "      <td>0.793506</td>\n",
       "      <td>0.788695</td>\n",
       "      <td>0.785581</td>\n",
       "      <td>0.784984</td>\n",
       "      <td>0.787774</td>\n",
       "      <td>0.794865</td>\n",
       "      <td>0.807229</td>\n",
       "      <td>0.825922</td>\n",
       "      <td>0.852144</td>\n",
       "    </tr>\n",
       "    <tr>\n",
       "      <th>10</th>\n",
       "      <td>0.894839</td>\n",
       "      <td>0.863581</td>\n",
       "      <td>0.840056</td>\n",
       "      <td>0.823095</td>\n",
       "      <td>0.811644</td>\n",
       "      <td>0.804733</td>\n",
       "      <td>0.801455</td>\n",
       "      <td>0.800964</td>\n",
       "      <td>0.802475</td>\n",
       "      <td>0.805272</td>\n",
       "      <td>...</td>\n",
       "      <td>0.805272</td>\n",
       "      <td>0.802475</td>\n",
       "      <td>0.800964</td>\n",
       "      <td>0.801455</td>\n",
       "      <td>0.804733</td>\n",
       "      <td>0.811644</td>\n",
       "      <td>0.823095</td>\n",
       "      <td>0.840056</td>\n",
       "      <td>0.863581</td>\n",
       "      <td>0.894839</td>\n",
       "    </tr>\n",
       "    <tr>\n",
       "      <th>11</th>\n",
       "      <td>0.931358</td>\n",
       "      <td>0.896044</td>\n",
       "      <td>0.868500</td>\n",
       "      <td>0.847649</td>\n",
       "      <td>0.832479</td>\n",
       "      <td>0.822045</td>\n",
       "      <td>0.815465</td>\n",
       "      <td>0.811917</td>\n",
       "      <td>0.810644</td>\n",
       "      <td>0.810962</td>\n",
       "      <td>...</td>\n",
       "      <td>0.810962</td>\n",
       "      <td>0.810644</td>\n",
       "      <td>0.811917</td>\n",
       "      <td>0.815465</td>\n",
       "      <td>0.822045</td>\n",
       "      <td>0.832479</td>\n",
       "      <td>0.847649</td>\n",
       "      <td>0.868500</td>\n",
       "      <td>0.896044</td>\n",
       "      <td>0.931358</td>\n",
       "    </tr>\n",
       "    <tr>\n",
       "      <th>12</th>\n",
       "      <td>0.960789</td>\n",
       "      <td>0.922294</td>\n",
       "      <td>0.891561</td>\n",
       "      <td>0.867598</td>\n",
       "      <td>0.849444</td>\n",
       "      <td>0.836184</td>\n",
       "      <td>0.826961</td>\n",
       "      <td>0.820976</td>\n",
       "      <td>0.817495</td>\n",
       "      <td>0.815856</td>\n",
       "      <td>...</td>\n",
       "      <td>0.815856</td>\n",
       "      <td>0.817495</td>\n",
       "      <td>0.820976</td>\n",
       "      <td>0.826961</td>\n",
       "      <td>0.836184</td>\n",
       "      <td>0.849444</td>\n",
       "      <td>0.867598</td>\n",
       "      <td>0.891561</td>\n",
       "      <td>0.922294</td>\n",
       "      <td>0.960789</td>\n",
       "    </tr>\n",
       "    <tr>\n",
       "      <th>13</th>\n",
       "      <td>0.982379</td>\n",
       "      <td>0.941538</td>\n",
       "      <td>0.908477</td>\n",
       "      <td>0.882247</td>\n",
       "      <td>0.861919</td>\n",
       "      <td>0.846605</td>\n",
       "      <td>0.835464</td>\n",
       "      <td>0.827714</td>\n",
       "      <td>0.822639</td>\n",
       "      <td>0.819591</td>\n",
       "      <td>...</td>\n",
       "      <td>0.819591</td>\n",
       "      <td>0.822639</td>\n",
       "      <td>0.827714</td>\n",
       "      <td>0.835464</td>\n",
       "      <td>0.846605</td>\n",
       "      <td>0.861919</td>\n",
       "      <td>0.882247</td>\n",
       "      <td>0.908477</td>\n",
       "      <td>0.941538</td>\n",
       "      <td>0.982379</td>\n",
       "    </tr>\n",
       "    <tr>\n",
       "      <th>14</th>\n",
       "      <td>0.995565</td>\n",
       "      <td>0.953254</td>\n",
       "      <td>0.918768</td>\n",
       "      <td>0.891163</td>\n",
       "      <td>0.869521</td>\n",
       "      <td>0.852964</td>\n",
       "      <td>0.840665</td>\n",
       "      <td>0.831853</td>\n",
       "      <td>0.825818</td>\n",
       "      <td>0.821923</td>\n",
       "      <td>...</td>\n",
       "      <td>0.821923</td>\n",
       "      <td>0.825818</td>\n",
       "      <td>0.831853</td>\n",
       "      <td>0.840665</td>\n",
       "      <td>0.852964</td>\n",
       "      <td>0.869521</td>\n",
       "      <td>0.891163</td>\n",
       "      <td>0.918768</td>\n",
       "      <td>0.953254</td>\n",
       "      <td>0.995565</td>\n",
       "    </tr>\n",
       "    <tr>\n",
       "      <th>15</th>\n",
       "      <td>1.000000</td>\n",
       "      <td>0.957179</td>\n",
       "      <td>0.922214</td>\n",
       "      <td>0.894149</td>\n",
       "      <td>0.872068</td>\n",
       "      <td>0.855097</td>\n",
       "      <td>0.842413</td>\n",
       "      <td>0.833246</td>\n",
       "      <td>0.826892</td>\n",
       "      <td>0.822714</td>\n",
       "      <td>...</td>\n",
       "      <td>0.822714</td>\n",
       "      <td>0.826892</td>\n",
       "      <td>0.833246</td>\n",
       "      <td>0.842413</td>\n",
       "      <td>0.855097</td>\n",
       "      <td>0.872068</td>\n",
       "      <td>0.894149</td>\n",
       "      <td>0.922214</td>\n",
       "      <td>0.957179</td>\n",
       "      <td>1.000000</td>\n",
       "    </tr>\n",
       "    <tr>\n",
